date,year,basin_key,basin_name,basin_type,lst_c,water_supply_m3s,water_demand_m3s,ndvi,algae_formation_pct,ndwi,fai
2021-06-01,2021,lake_mueggelsee,Lake Müggelsee (Berlin),Lake,21.47,12.0,8.9,-0.0351,0.0,0.6424,-0.0108
2021-06-02,2021,lake_mueggelsee,Lake Müggelsee (Berlin),Lake,21.53,11.9,9.7,-0.0397,0.0,0.6045,-0.0006
2021-06-03,2021,lake_mueggelsee,Lake Müggelsee (Berlin),Lake,21.37,11.7,9.1,-0.0273,0.6,0.6218,-0.0108
2021-06-04,2021,lake_mueggelsee,Lake Müggelsee (Berlin),Lake,21.63,11.6,9.5,-0.0287,0.3,0.636,-0.0096
2021-06-05,2021,lake_mueggelsee,Lake Müggelsee (Berlin),Lake,21.57,11.2,9.7,-0.0292,0.2,0.6075,-0.0046
2021-06-06,2021,lake_mueggelsee,Lake Müggelsee (Berlin),Lake,21.42,11.7,9.4,-0.0386,0.0,0.6373,-0.0099
2021-06-07,2021,lake_mueggelsee,Lake Müggelsee (Berlin),Lake,21.97,11.3,9.7,-0.0141,3.5,0.6061,-0.0092
2021-06-08,2021,lake_mueggelsee,Lake Müggelsee (Berlin),Lake,21.66,11.6,9.5,-0.0591,0.0,0.6452,-0.01
2021-06-09,2021,lake_mueggelsee,Lake Müggelsee (Berlin),Lake,21.93,11.4,9.7,-0.0224,1.7,0.6153,-0.0102
2021-06-10,2021,lake_mueggelsee,Lake Müggelsee (Berlin),Lake,22.45,11.4,9.9,-0.021,2.0,0.5755,-0.0043
2021-06-11,2021,lake_mueggelsee,Lake Müggelsee (Berlin),Lake,22.08,11.4,10.2,-0.0232,1.5,0.599,-0.0104
2021-06-12,2021,lake_mueggelsee,Lake Müggelsee (Berlin),Lake,22.46,12.0,10.1,0.0942,27.6,0.6279,0.0138
2021-06-13,2021,lake_mueggelsee,Lake Müggelsee (Berlin),Lake,22.51,11.1,10.1,0.1703,44.5,0.6211,0.035
2021-06-14,2021,lake_mueggelsee,Lake Müggelsee (Berlin),Lake,22.93,11.3,10.3,0.2771,68.2,0.6253,0.0703
2021-06-15,2021,lake_mueggelsee,Lake Müggelsee (Berlin),Lake,23.37,11.4,11.0,0.4309,100.0,0.6353,0.0896
2021-06-16,2021,lake_mueggelsee,Lake Müggelsee (Berlin),Lake,23.34,10.9,10.6,0.5395,100.0,0.6131,0.1114
2021-06-17,2021,lake_mueggelsee,Lake Müggelsee (Berlin),Lake,23.64,11.5,10.9,0.4896,100.0,0.6083,0.0982
2021-06-18,2021,lake_mueggelsee,Lake Müggelsee (Berlin),Lake,23.56,11.4,11.0,0.4968,100.0,0.6326,0.1089
2021-06-19,2021,lake_mueggelsee,Lake Müggelsee (Berlin),Lake,23.68,11.2,10.9,0.5154,100.0,0.6154,0.1058
2021-06-20,2021,lake_mueggelsee,Lake Müggelsee (Berlin),Lake,23.74,11.8,11.0,0.5076,100.0,0.6159,0.0954
2021-06-21,2021,lake_mueggelsee,Lake Müggelsee (Berlin),Lake,23.27,11.7,10.8,0.4833,100.0,0.6192,0.1064
2021-06-22,2021,lake_mueggelsee,Lake Müggelsee (Berlin),Lake,24.16,11.2,11.3,0.5288,100.0,0.6009,0.1071
2021-06-23,2021,lake_mueggelsee,Lake Müggelsee (Berlin),Lake,23.88,11.2,11.4,0.4695,100.0,0.6006,0.1092
2021-06-24,2021,lake_mueggelsee,Lake Müggelsee (Berlin),Lake,24.59,11.6,11.6,0.5081,100.0,0.6369,0.1005
2021-06-25,2021,lake_mueggelsee,Lake Müggelsee (Berlin),Lake,23.99,11.4,11.5,0.5184,100.0,0.6219,0.1067
2021-06-26,2021,lake_mueggelsee,Lake Müggelsee (Berlin),Lake,24.05,11.5,11.0,0.4939,100.0,0.6136,0.1059
2021-06-27,2021,lake_mueggelsee,Lake Müggelsee (Berlin),Lake,24.05,11.2,11.1,0.4803,100.0,0.6124,0.1119
2021-06-28,2021,lake_mueggelsee,Lake Müggelsee (Berlin),Lake,24.28,10.9,11.7,0.5146,100.0,0.6036,0.1089
2021-06-29,2021,lake_mueggelsee,Lake Müggelsee (Berlin),Lake,25.16,10.4,11.9,0.512,100.0,0.6114,0.104
2021-06-30,2021,lake_mueggelsee,Lake Müggelsee (Berlin),Lake,24.59,10.7,11.9,0.4964,100.0,0.6225,0.1078
2021-07-01,2021,lake_mueggelsee,Lake Müggelsee (Berlin),Lake,24.98,10.3,11.8,0.4968,100.0,0.5952,0.101
2021-07-02,2021,lake_mueggelsee,Lake Müggelsee (Berlin),Lake,24.92,10.0,11.8,0.4988,100.0,0.6329,0.1023
2021-07-03,2021,lake_mueggelsee,Lake Müggelsee (Berlin),Lake,24.81,9.6,11.7,0.5068,100.0,0.6421,0.1112
2021-07-04,2021,lake_mueggelsee,Lake Müggelsee (Berlin),Lake,25.32,9.1,12.0,0.5061,100.0,0.6199,0.1077
2021-07-05,2021,lake_mueggelsee,Lake Müggelsee (Berlin),Lake,26.07,8.6,12.4,0.5004,100.0,0.6072,0.1074
2021-07-06,2021,lake_mueggelsee,Lake Müggelsee (Berlin),Lake,25.99,8.1,12.8,0.5208,100.0,0.6069,0.1021
2021-07-07,2021,lake_mueggelsee,Lake Müggelsee (Berlin),Lake,25.92,7.6,12.3,0.494,100.0,0.6194,0.1079
2021-07-08,2021,lake_mueggelsee,Lake Müggelsee (Berlin),Lake,26.62,6.8,13.1,0.5008,100.0,0.6046,0.1089
2021-07-09,2021,lake_mueggelsee,Lake Müggelsee (Berlin),Lake,26.48,6.3,13.4,0.5038,100.0,0.6407,0.0989
2021-07-10,2021,lake_mueggelsee,Lake Müggelsee (Berlin),Lake,25.97,6.1,13.1,0.4969,100.0,0.6002,0.1111
2021-07-11,2021,lake_mueggelsee,Lake Müggelsee (Berlin),Lake,26.28,5.8,12.9,0.5022,100.0,0.6382,0.0991
2021-07-12,2021,lake_mueggelsee,Lake Müggelsee (Berlin),Lake,26.46,5.5,13.0,0.4982,100.0,0.6446,0.1142
2021-07-13,2021,lake_mueggelsee,Lake Müggelsee (Berlin),Lake,26.82,5.6,13.2,0.4573,100.0,0.6292,0.0983
2021-07-14,2021,lake_mueggelsee,Lake Müggelsee (Berlin),Lake,26.41,5.8,12.7,0.4857,100.0,0.6437,0.1035
2021-07-15,2021,lake_mueggelsee,Lake Müggelsee (Berlin),Lake,26.04,6.1,12.7,0.4915,100.0,0.6225,0.1052
2021-07-16,2021,lake_mueggelsee,Lake Müggelsee (Berlin),Lake,27.17,6.3,13.3,0.5097,100.0,0.5966,0.1111
2021-07-17,2021,lake_mueggelsee,Lake Müggelsee (Berlin),Lake,25.86,6.7,12.7,0.5039,100.0,0.6174,0.1104
2021-07-18,2021,lake_mueggelsee,Lake Müggelsee (Berlin),Lake,26.03,7.3,12.8,0.5079,100.0,0.6178,0.1106
2021-07-19,2021,lake_mueggelsee,Lake Müggelsee (Berlin),Lake,25.69,7.7,12.3,0.4904,100.0,0.6177,0.1024
2021-07-20,2021,lake_mueggelsee,Lake Müggelsee (Berlin),Lake,25.71,8.1,12.2,0.4846,100.0,0.6089,0.1091
2021-07-21,2021,lake_mueggelsee,Lake Müggelsee (Berlin),Lake,25.47,8.5,12.1,0.4658,100.0,0.6143,0.1002
2021-07-22,2021,lake_mueggelsee,Lake Müggelsee (Berlin),Lake,25.43,8.8,12.3,0.4886,100.0,0.6214,0.1062
2021-07-23,2021,lake_mueggelsee,Lake Müggelsee (Berlin),Lake,24.87,9.1,11.7,0.4918,100.0,0.6298,0.1121
2021-07-24,2021,lake_mueggelsee,Lake Müggelsee (Berlin),Lake,24.51,9.5,11.0,0.4982,100.0,0.622,0.1128
2021-07-25,2021,lake_mueggelsee,Lake Müggelsee (Berlin),Lake,24.65,9.3,11.5,0.5076,100.0,0.5922,0.1098
2021-07-26,2021,lake_mueggelsee,Lake Müggelsee (Berlin),Lake,25.14,9.2,12.4,0.4851,100.0,0.64,0.106
2021-07-27,2021,lake_mueggelsee,Lake Müggelsee (Berlin),Lake,25.14,9.5,11.9,0.4655,100.0,0.6246,0.1063
2021-07-28,2021,lake_mueggelsee,Lake Müggelsee (Berlin),Lake,25.01,9.1,12.1,0.507,100.0,0.6142,0.1069
2021-07-29,2021,lake_mueggelsee,Lake Müggelsee (Berlin),Lake,24.91,9.4,11.7,0.4876,100.0,0.6186,0.1018
2021-07-30,2021,lake_mueggelsee,Lake Müggelsee (Berlin),Lake,24.25,9.2,11.4,0.4896,100.0,0.5889,0.1063
2021-07-31,2021,lake_mueggelsee,Lake Müggelsee (Berlin),Lake,24.57,9.0,11.8,0.4919,100.0,0.611,0.1033
2021-08-01,2021,lake_mueggelsee,Lake Müggelsee (Berlin),Lake,24.79,9.5,11.8,0.4869,100.0,0.5971,0.1108
2021-08-02,2021,lake_mueggelsee,Lake Müggelsee (Berlin),Lake,24.91,8.9,11.8,0.503,100.0,0.6084,0.1074
2021-08-03,2021,lake_mueggelsee,Lake Müggelsee (Berlin),Lake,24.38,9.3,11.2,0.4778,100.0,0.6177,0.1072
2021-08-04,2021,lake_mueggelsee,Lake Müggelsee (Berlin),Lake,24.67,9.1,11.5,0.4974,100.0,0.6176,0.1096
2021-08-05,2021,lake_mueggelsee,Lake Müggelsee (Berlin),Lake,24.61,9.2,11.4,0.4809,100.0,0.6195,0.1148
2021-08-06,2021,lake_mueggelsee,Lake Müggelsee (Berlin),Lake,24.45,9.3,11.8,0.5036,100.0,0.6353,0.0991
2021-08-07,2021,lake_mueggelsee,Lake Müggelsee (Berlin),Lake,24.43,9.0,11.6,0.491,100.0,0.6018,0.1023
2021-08-08,2021,lake_mueggelsee,Lake Müggelsee (Berlin),Lake,23.69,8.9,10.9,0.4867,100.0,0.638,0.1021
2021-08-09,2021,lake_mueggelsee,Lake Müggelsee (Berlin),Lake,23.95,8.8,11.3,0.4915,100.0,0.6262,0.0959
2021-08-10,2021,lake_mueggelsee,Lake Müggelsee (Berlin),Lake,23.16,8.7,10.9,0.5109,100.0,0.5919,0.1087
2021-08-11,2021,lake_mueggelsee,Lake Müggelsee (Berlin),Lake,23.45,8.8,10.7,0.5211,100.0,0.6244,0.1093
2021-08-12,2021,lake_mueggelsee,Lake Müggelsee (Berlin),Lake,23.84,9.1,11.2,0.5174,100.0,0.6265,0.1067
2021-08-13,2021,lake_mueggelsee,Lake Müggelsee (Berlin),Lake,23.25,9.2,11.0,0.5058,100.0,0.623,0.1027
2021-08-14,2021,lake_mueggelsee,Lake Müggelsee (Berlin),Lake,23.09,8.9,10.3,0.4851,100.0,0.6484,0.109
2021-08-15,2021,lake_mueggelsee,Lake Müggelsee (Berlin),Lake,23.88,8.7,10.9,0.5122,100.0,0.5796,0.1069
2021-08-16,2021,lake_mueggelsee,Lake Müggelsee (Berlin),Lake,22.91,9.1,10.4,0.4994,100.0,0.6082,0.1107
2021-08-17,2021,lake_mueggelsee,Lake Müggelsee (Berlin),Lake,22.71,8.9,10.6,0.489,100.0,0.6032,0.1056
2021-08-18,2021,lake_mueggelsee,Lake Müggelsee (Berlin),Lake,22.83,8.9,10.6,0.4812,100.0,0.6013,0.1043
2021-08-19,2021,lake_mueggelsee,Lake Müggelsee (Berlin),Lake,22.82,8.8,10.2,0.4907,100.0,0.6331,0.1095
2021-08-20,2021,lake_mueggelsee,Lake Müggelsee (Berlin),Lake,22.46,8.9,10.3,0.4899,100.0,0.6219,0.1048
2021-08-21,2021,lake_mueggelsee,Lake Müggelsee (Berlin),Lake,22.31,8.8,10.3,0.5131,100.0,0.6151,0.1115
2021-08-22,2021,lake_mueggelsee,Lake Müggelsee (Berlin),Lake,22.7,8.7,10.0,0.4994,100.0,0.6116,0.1111
2021-08-23,2021,lake_mueggelsee,Lake Müggelsee (Berlin),Lake,21.89,8.7,10.1,0.4874,100.0,0.6065,0.1053
2021-08-24,2021,lake_mueggelsee,Lake Müggelsee (Berlin),Lake,22.67,8.8,10.4,0.4857,100.0,0.6338,0.1087
2021-08-25,2021,lake_mueggelsee,Lake Müggelsee (Berlin),Lake,21.4,8.8,9.4,0.4951,100.0,0.6321,0.1016
2021-08-26,2021,lake_mueggelsee,Lake Müggelsee (Berlin),Lake,22.2,8.7,9.8,0.5177,100.0,0.6241,0.1074
2021-08-27,2021,lake_mueggelsee,Lake Müggelsee (Berlin),Lake,22.13,9.0,9.9,0.4955,100.0,0.5967,0.1078
2021-08-28,2021,lake_mueggelsee,Lake Müggelsee (Berlin),Lake,21.73,8.7,9.5,0.5132,100.0,0.6249,0.1095
2021-08-29,2021,lake_mueggelsee,Lake Müggelsee (Berlin),Lake,21.66,8.8,9.7,0.5131,100.0,0.636,0.0965
2021-08-30,2021,lake_mueggelsee,Lake Müggelsee (Berlin),Lake,21.29,8.7,9.2,0.4803,100.0,0.6258,0.0998
2021-08-31,2021,lake_mueggelsee,Lake Müggelsee (Berlin),Lake,21.29,8.6,9.5,0.4776,100.0,0.6401,0.1131
2022-06-01,2022,lake_mueggelsee,Lake Müggelsee (Berlin),Lake,22.99,11.5,10.3,-0.0286,0.3,0.6026,-0.0117
2022-06-02,2022,lake_mueggelsee,Lake Müggelsee (Berlin),Lake,22.89,11.1,10.7,-0.0053,5.5,0.6198,-0.0054
2022-06-03,2022,lake_mueggelsee,Lake Müggelsee (Berlin),Lake,23.27,11.5,10.6,0.1256,34.6,0.606,0.0243
2022-06-04,2022,lake_mueggelsee,Lake Müggelsee (Berlin),Lake,23.12,11.3,10.9,0.1921,49.3,0.6102,0.0407
2022-06-05,2022,lake_mueggelsee,Lake Müggelsee (Berlin),Lake,23.68,11.5,11.3,0.3202,77.8,0.6451,0.0726
2022-06-06,2022,lake_mueggelsee,Lake Müggelsee (Berlin),Lake,23.98,11.4,10.9,0.4434,100.0,0.6422,0.0945
2022-06-07,2022,lake_mueggelsee,Lake Müggelsee (Berlin),Lake,24.2,11.2,11.7,0.4757,100.0,0.5942,0.1049
2022-06-08,2022,lake_mueggelsee,Lake Müggelsee (Berlin),Lake,24.15,11.6,11.5,0.51,100.0,0.6192,0.1075
2022-06-09,2022,lake_mueggelsee,Lake Müggelsee (Berlin),Lake,24.27,11.3,11.4,0.504,100.0,0.6161,0.104
2022-06-10,2022,lake_mueggelsee,Lake Müggelsee (Berlin),Lake,24.01,11.3,11.4,0.4909,100.0,0.6254,0.1104
2022-06-11,2022,lake_mueggelsee,Lake Müggelsee (Berlin),Lake,24.37,11.6,11.4,0.4977,100.0,0.598,0.1089
2022-06-12,2022,lake_mueggelsee,Lake Müggelsee (Berlin),Lake,24.84,10.7,12.2,0.4925,100.0,0.6336,0.1093
2022-06-13,2022,lake_mueggelsee,Lake Müggelsee (Berlin),Lake,25.25,11.4,11.6,0.4909,100.0,0.6395,0.1047
2022-06-14,2022,lake_mueggelsee,Lake Müggelsee (Berlin),Lake,25.2,11.3,12.1,0.4799,100.0,0.6182,0.1102
2022-06-15,2022,lake_mueggelsee,Lake Müggelsee (Berlin),Lake,24.97,11.3,11.8,0.4709,100.0,0.6151,0.1059
2022-06-16,2022,lake_mueggelsee,Lake Müggelsee (Berlin),Lake,25.05,10.8,11.6,0.4902,100.0,0.6292,0.1061
2022-06-17,2022,lake_mueggelsee,Lake Müggelsee (Berlin),Lake,25.08,10.8,11.8,0.4962,100.0,0.6438,0.0996
2022-06-18,2022,lake_mueggelsee,Lake Müggelsee (Berlin),Lake,25.46,11.1,12.0,0.5163,100.0,0.6161,0.1063
2022-06-19,2022,lake_mueggelsee,Lake Müggelsee (Berlin),Lake,25.37,10.9,12.4,0.4938,100.0,0.6413,0.1102
2022-06-20,2022,lake_mueggelsee,Lake Müggelsee (Berlin),Lake,25.53,11.0,12.3,0.5009,100.0,0.628,0.1034
2022-06-21,2022,lake_mueggelsee,Lake Müggelsee (Berlin),Lake,26.03,10.7,12.5,0.4789,100.0,0.6108,0.1026
2022-06-22,2022,lake_mueggelsee,Lake Müggelsee (Berlin),Lake,25.88,10.5,12.3,0.5288,100.0,0.6489,0.1033
2022-06-23,2022,lake_mueggelsee,Lake Müggelsee (Berlin),Lake,26.27,10.9,13.2,0.4999,100.0,0.6081,0.1061
2022-06-24,2022,lake_mueggelsee,Lake Müggelsee (Berlin),Lake,26.62,10.5,12.7,0.4902,100.0,0.614,0.1118
2022-06-25,2022,lake_mueggelsee,Lake Müggelsee (Berlin),Lake,26.38,10.4,12.7,0.4872,100.0,0.6056,0.1131
2022-06-26,2022,lake_mueggelsee,Lake Müggelsee (Berlin),Lake,26.31,10.1,12.7,0.5006,100.0,0.6207,0.1042
2022-06-27,2022,lake_mueggelsee,Lake Müggelsee (Berlin),Lake,27.03,10.2,13.1,0.4916,100.0,0.6245,0.1045
2022-06-28,2022,lake_mueggelsee,Lake Müggelsee (Berlin),Lake,26.75,10.0,13.1,0.4959,100.0,0.6035,0.1094
2022-06-29,2022,lake_mueggelsee,Lake Müggelsee (Berlin),Lake,26.89,10.1,13.2,0.5036,100.0,0.6055,0.1037
2022-06-30,2022,lake_mueggelsee,Lake Müggelsee (Berlin),Lake,26.86,9.8,13.0,0.4903,100.0,0.6299,0.1037
2022-07-01,2022,lake_mueggelsee,Lake Müggelsee (Berlin),Lake,27.36,9.4,13.7,0.4705,100.0,0.6077,0.1054
2022-07-02,2022,lake_mueggelsee,Lake Müggelsee (Berlin),Lake,27.17,8.9,13.3,0.5126,100.0,0.6228,0.1055
2022-07-03,2022,lake_mueggelsee,Lake Müggelsee (Berlin),Lake,27.95,8.7,13.7,0.4826,100.0,0.6449,0.1099
2022-07-04,2022,lake_mueggelsee,Lake Müggelsee (Berlin),Lake,28.55,8.2,14.2,0.4987,100.0,0.6147,0.1051
2022-07-05,2022,lake_mueggelsee,Lake Müggelsee (Berlin),Lake,29.5,7.5,15.6,0.483,100.0,0.6101,0.1042
2022-07-06,2022,lake_mueggelsee,Lake Müggelsee (Berlin),Lake,28.64,6.8,15.0,0.4922,100.0,0.6199,0.1122
2022-07-07,2022,lake_mueggelsee,Lake Müggelsee (Berlin),Lake,30.28,6.4,15.3,0.4963,100.0,0.6119,0.1001
2022-07-08,2022,lake_mueggelsee,Lake Müggelsee (Berlin),Lake,30.78,5.5,15.9,0.4805,100.0,0.6169,0.1145
2022-07-09,2022,lake_mueggelsee,Lake Müggelsee (Berlin),Lake,31.41,5.2,16.4,0.4827,100.0,0.6112,0.1107
2022-07-10,2022,lake_mueggelsee,Lake Müggelsee (Berlin),Lake,31.29,4.5,16.9,0.4895,100.0,0.6277,0.1097
2022-07-11,2022,lake_mueggelsee,Lake Müggelsee (Berlin),Lake,31.89,4.0,16.1,0.4729,100.0,0.619,0.1052
2022-07-12,2022,lake_mueggelsee,Lake Müggelsee (Berlin),Lake,31.02,4.2,16.3,0.4844,100.0,0.6019,0.1089
2022-07-13,2022,lake_mueggelsee,Lake Müggelsee (Berlin),Lake,31.76,4.1,16.9,0.4864,100.0,0.6361,0.1076
2022-07-14,2022,lake_mueggelsee,Lake Müggelsee (Berlin),Lake,31.64,4.0,16.2,0.4997,100.0,0.602,0.1117
2022-07-15,2022,lake_mueggelsee,Lake Müggelsee (Berlin),Lake,30.91,4.3,15.5,0.5037,100.0,0.6036,0.0998
2022-07-16,2022,lake_mueggelsee,Lake Müggelsee (Berlin),Lake,30.86,4.6,16.1,0.49,100.0,0.6188,0.1049
2022-07-17,2022,lake_mueggelsee,Lake Müggelsee (Berlin),Lake,30.18,4.9,15.6,0.475,100.0,0.6217,0.1101
2022-07-18,2022,lake_mueggelsee,Lake Müggelsee (Berlin),Lake,29.58,5.4,14.9,0.5067,100.0,0.6257,0.0989
2022-07-19,2022,lake_mueggelsee,Lake Müggelsee (Berlin),Lake,28.74,5.7,14.5,0.5111,100.0,0.6108,0.1069
2022-07-20,2022,lake_mueggelsee,Lake Müggelsee (Berlin),Lake,28.39,6.0,14.0,0.514,100.0,0.5923,0.1148
2022-07-21,2022,lake_mueggelsee,Lake Müggelsee (Berlin),Lake,28.77,6.8,14.7,0.5061,100.0,0.6026,0.1135
2022-07-22,2022,lake_mueggelsee,Lake Müggelsee (Berlin),Lake,28.31,6.7,14.4,0.51,100.0,0.6128,0.108
2022-07-23,2022,lake_mueggelsee,Lake Müggelsee (Berlin),Lake,27.99,7.0,14.2,0.4644,100.0,0.6297,0.1091
2022-07-24,2022,lake_mueggelsee,Lake Müggelsee (Berlin),Lake,27.9,6.9,14.0,0.4793,100.0,0.6385,0.1101
2022-07-25,2022,lake_mueggelsee,Lake Müggelsee (Berlin),Lake,28.14,7.4,14.5,0.5055,100.0,0.6186,0.112
2022-07-26,2022,lake_mueggelsee,Lake Müggelsee (Berlin),Lake,27.8,7.0,14.3,0.4934,100.0,0.6052,0.1108
2022-07-27,2022,lake_mueggelsee,Lake Müggelsee (Berlin),Lake,27.49,7.1,13.3,0.514,100.0,0.624,0.1057
2022-07-28,2022,lake_mueggelsee,Lake Müggelsee (Berlin),Lake,27.35,7.1,13.4,0.4898,100.0,0.6145,0.114
2022-07-29,2022,lake_mueggelsee,Lake Müggelsee (Berlin),Lake,27.13,7.0,13.4,0.5073,100.0,0.6267,0.104
2022-07-30,2022,lake_mueggelsee,Lake Müggelsee (Berlin),Lake,26.79,7.0,12.9,0.4819,100.0,0.6038,0.1084
2022-07-31,2022,lake_mueggelsee,Lake Müggelsee (Berlin),Lake,26.67,6.9,13.5,0.4936,100.0,0.6247,0.103
2022-08-01,2022,lake_mueggelsee,Lake Müggelsee (Berlin),Lake,26.32,6.9,13.1,0.4962,100.0,0.6078,0.1086
2022-08-02,2022,lake_mueggelsee,Lake Müggelsee (Berlin),Lake,26.42,6.8,13.1,0.4773,100.0,0.6344,0.1045
2022-08-03,2022,lake_mueggelsee,Lake Müggelsee (Berlin),Lake,26.33,6.6,13.3,0.4865,100.0,0.6035,0.0985
2022-08-04,2022,lake_mueggelsee,Lake Müggelsee (Berlin),Lake,26.88,6.7,13.2,0.4736,100.0,0.6298,0.1026
2022-08-05,2022,lake_mueggelsee,Lake Müggelsee (Berlin),Lake,26.85,6.6,13.1,0.5154,100.0,0.5938,0.1026
2022-08-06,2022,lake_mueggelsee,Lake Müggelsee (Berlin),Lake,26.35,6.3,12.8,0.5069,100.0,0.6085,0.1015
2022-08-07,2022,lake_mueggelsee,Lake Müggelsee (Berlin),Lake,26.02,6.2,12.6,0.4773,100.0,0.6078,0.1099
2022-08-08,2022,lake_mueggelsee,Lake Müggelsee (Berlin),Lake,26.49,6.3,13.0,0.5223,100.0,0.635,0.1159
2022-08-09,2022,lake_mueggelsee,Lake Müggelsee (Berlin),Lake,26.34,6.2,13.2,0.4726,100.0,0.6023,0.1081
2022-08-10,2022,lake_mueggelsee,Lake Müggelsee (Berlin),Lake,25.55,6.1,11.9,0.5085,100.0,0.6306,0.1044
2022-08-11,2022,lake_mueggelsee,Lake Müggelsee (Berlin),Lake,26.14,6.4,12.2,0.4933,100.0,0.6293,0.1091
2022-08-12,2022,lake_mueggelsee,Lake Müggelsee (Berlin),Lake,25.19,6.2,11.8,0.5014,100.0,0.6311,0.0954
2022-08-13,2022,lake_mueggelsee,Lake Müggelsee (Berlin),Lake,26.12,6.3,12.8,0.4816,100.0,0.5914,0.1077
2022-08-14,2022,lake_mueggelsee,Lake Müggelsee (Berlin),Lake,25.82,6.0,12.7,0.5035,100.0,0.622,0.1055
2022-08-15,2022,lake_mueggelsee,Lake Müggelsee (Berlin),Lake,25.53,5.9,12.5,0.498,100.0,0.6094,0.1063
2022-08-16,2022,lake_mueggelsee,Lake Müggelsee (Berlin),Lake,25.22,6.0,12.4,0.5212,100.0,0.6357,0.1056
2022-08-17,2022,lake_mueggelsee,Lake Müggelsee (Berlin),Lake,24.85,5.8,11.7,0.4929,100.0,0.6203,0.106
2022-08-18,2022,lake_mueggelsee,Lake Müggelsee (Berlin),Lake,25.04,5.7,12.0,0.465,100.0,0.6072,0.1128
2022-08-19,2022,lake_mueggelsee,Lake Müggelsee (Berlin),Lake,24.72,5.7,11.9,0.4983,100.0,0.5963,0.1029
2022-08-20,2022,lake_mueggelsee,Lake Müggelsee (Berlin),Lake,24.79,5.9,11.4,0.4888,100.0,0.6272,0.1074
2022-08-21,2022,lake_mueggelsee,Lake Müggelsee (Berlin),Lake,24.68,5.5,11.2,0.5148,100.0,0.6233,0.1043
2022-08-22,2022,lake_mueggelsee,Lake Müggelsee (Berlin),Lake,24.09,5.8,11.4,0.5029,100.0,0.6108,0.1041
2022-08-23,2022,lake_mueggelsee,Lake Müggelsee (Berlin),Lake,24.96,5.6,11.8,0.5005,100.0,0.6278,0.1035
2022-08-24,2022,lake_mueggelsee,Lake Müggelsee (Berlin),Lake,24.17,5.5,11.4,0.5394,100.0,0.6286,0.1084
2022-08-25,2022,lake_mueggelsee,Lake Müggelsee (Berlin),Lake,24.97,5.4,12.0,0.4989,100.0,0.6248,0.1026
2022-08-26,2022,lake_mueggelsee,Lake Müggelsee (Berlin),Lake,24.34,5.4,11.4,0.4674,100.0,0.6072,0.1119
2022-08-27,2022,lake_mueggelsee,Lake Müggelsee (Berlin),Lake,23.65,5.5,11.1,0.4832,100.0,0.5949,0.1091
2022-08-28,2022,lake_mueggelsee,Lake Müggelsee (Berlin),Lake,23.55,5.7,11.2,0.4957,100.0,0.6058,0.111
2022-08-29,2022,lake_mueggelsee,Lake Müggelsee (Berlin),Lake,23.79,5.2,10.9,0.4892,100.0,0.6438,0.1083
2022-08-30,2022,lake_mueggelsee,Lake Müggelsee (Berlin),Lake,23.58,5.5,10.8,0.4795,100.0,0.6285,0.1094
2022-08-31,2022,lake_mueggelsee,Lake Müggelsee (Berlin),Lake,23.54,5.4,11.4,0.4919,100.0,0.6375,0.1039
2023-06-01,2023,lake_mueggelsee,Lake Müggelsee (Berlin),Lake,22.72,11.8,10.3,-0.029,0.2,0.6179,-0.0062
2023-06-02,2023,lake_mueggelsee,Lake Müggelsee (Berlin),Lake,22.47,11.9,10.3,-0.0262,0.8,0.6208,-0.0098
2023-06-03,2023,lake_mueggelsee,Lake Müggelsee (Berlin),Lake,22.95,11.6,11.0,0.1103,31.2,0.6313,0.0196
2023-06-04,2023,lake_mueggelsee,Lake Müggelsee (Berlin),Lake,22.82,11.2,10.1,0.1965,50.3,0.64,0.0403
2023-06-05,2023,lake_mueggelsee,Lake Müggelsee (Berlin),Lake,23.07,11.6,10.6,0.3095,75.4,0.6192,0.0611
2023-06-06,2023,lake_mueggelsee,Lake Müggelsee (Berlin),Lake,23.31,11.6,10.5,0.3715,89.2,0.6241,0.083
2023-06-07,2023,lake_mueggelsee,Lake Müggelsee (Berlin),Lake,23.33,11.4,10.8,0.4941,100.0,0.6252,0.1054
2023-06-08,2023,lake_mueggelsee,Lake Müggelsee (Berlin),Lake,23.58,11.2,11.2,0.5233,100.0,0.6203,0.1056
2023-06-09,2023,lake_mueggelsee,Lake Müggelsee (Berlin),Lake,23.88,11.5,10.7,0.4842,100.0,0.6309,0.1076
2023-06-10,2023,lake_mueggelsee,Lake Müggelsee (Berlin),Lake,23.62,11.2,11.1,0.4787,100.0,0.612,0.1094
2023-06-11,2023,lake_mueggelsee,Lake Müggelsee (Berlin),Lake,23.88,11.3,10.8,0.493,100.0,0.6468,0.1028
2023-06-12,2023,lake_mueggelsee,Lake Müggelsee (Berlin),Lake,23.62,11.6,10.6,0.5021,100.0,0.6217,0.1037
2023-06-13,2023,lake_mueggelsee,Lake Müggelsee (Berlin),Lake,24.07,10.7,11.4,0.5015,100.0,0.6218,0.1015
2023-06-14,2023,lake_mueggelsee,Lake Müggelsee (Berlin),Lake,24.57,11.4,11.7,0.498,100.0,0.6108,0.1062
2023-06-15,2023,lake_mueggelsee,Lake Müggelsee (Berlin),Lake,24.66,10.9,11.8,0.5059,100.0,0.602,0.11
2023-06-16,2023,lake_mueggelsee,Lake Müggelsee (Berlin),Lake,24.07,11.2,11.8,0.483,100.0,0.6243,0.1002
2023-06-17,2023,lake_mueggelsee,Lake Müggelsee (Berlin),Lake,25.14,11.2,11.6,0.4985,100.0,0.621,0.103
2023-06-18,2023,lake_mueggelsee,Lake Müggelsee (Berlin),Lake,24.71,11.2,11.7,0.4898,100.0,0.6391,0.1057
2023-06-19,2023,lake_mueggelsee,Lake Müggelsee (Berlin),Lake,24.8,11.3,11.4,0.4793,100.0,0.5923,0.1043
2023-06-20,2023,lake_mueggelsee,Lake Müggelsee (Berlin),Lake,24.96,11.4,11.5,0.4664,100.0,0.632,0.1052
2023-06-21,2023,lake_mueggelsee,Lake Müggelsee (Berlin),Lake,25.32,11.0,12.0,0.5002,100.0,0.6178,0.1128
2023-06-22,2023,lake_mueggelsee,Lake Müggelsee (Berlin),Lake,24.95,10.6,11.6,0.5043,100.0,0.6124,0.1069
2023-06-23,2023,lake_mueggelsee,Lake Müggelsee (Berlin),Lake,25.42,10.7,12.0,0.4917,100.0,0.6415,0.1126
2023-06-24,2023,lake_mueggelsee,Lake Müggelsee (Berlin),Lake,25.7,10.4,12.3,0.5146,100.0,0.6429,0.1075
2023-06-25,2023,lake_mueggelsee,Lake Müggelsee (Berlin),Lake,25.85,10.6,12.2,0.496,100.0,0.603,0.1088
2023-06-26,2023,lake_mueggelsee,Lake Müggelsee (Berlin),Lake,25.32,10.5,12.3,0.4934,100.0,0.6231,0.1063
2023-06-27,2023,lake_mueggelsee,Lake Müggelsee (Berlin),Lake,25.83,10.8,12.6,0.4878,100.0,0.601,0.1061
2023-06-28,2023,lake_mueggelsee,Lake Müggelsee (Berlin),Lake,25.18,10.4,12.1,0.4971,100.0,0.6109,0.1086
2023-06-29,2023,lake_mueggelsee,Lake Müggelsee (Berlin),Lake,26.01,10.2,12.9,0.4611,100.0,0.6265,0.1043
2023-06-30,2023,lake_mueggelsee,Lake Müggelsee (Berlin),Lake,26.07,10.6,12.2,0.5104,100.0,0.6189,0.1045
2023-07-01,2023,lake_mueggelsee,Lake Müggelsee (Berlin),Lake,25.61,10.4,12.3,0.5001,100.0,0.6048,0.1052
2023-07-02,2023,lake_mueggelsee,Lake Müggelsee (Berlin),Lake,26.52,10.3,12.9,0.4913,100.0,0.6422,0.1085
2023-07-03,2023,lake_mueggelsee,Lake Müggelsee (Berlin),Lake,26.25,10.1,13.0,0.4843,100.0,0.6392,0.1037
2023-07-04,2023,lake_mueggelsee,Lake Müggelsee (Berlin),Lake,26.9,10.1,13.4,0.4887,100.0,0.6162,0.1028
2023-07-05,2023,lake_mueggelsee,Lake Müggelsee (Berlin),Lake,26.74,9.6,13.4,0.4997,100.0,0.6107,0.1046
2023-07-06,2023,lake_mueggelsee,Lake Müggelsee (Berlin),Lake,26.61,9.3,13.2,0.4932,100.0,0.6093,0.106
2023-07-07,2023,lake_mueggelsee,Lake Müggelsee (Berlin),Lake,27.94,9.0,13.9,0.5082,100.0,0.6038,0.1008
2023-07-08,2023,lake_mueggelsee,Lake Müggelsee (Berlin),Lake,27.24,8.6,13.0,0.4915,100.0,0.6421,0.11
2023-07-09,2023,lake_mueggelsee,Lake Müggelsee (Berlin),Lake,27.84,8.1,13.7,0.4857,100.0,0.6191,0.1099
2023-07-10,2023,lake_mueggelsee,Lake Müggelsee (Berlin),Lake,28.47,7.6,14.2,0.5058,100.0,0.6476,0.1106
2023-07-11,2023,lake_mueggelsee,Lake Müggelsee (Berlin),Lake,29.18,6.9,14.6,0.489,100.0,0.6269,0.105
2023-07-12,2023,lake_mueggelsee,Lake Müggelsee (Berlin),Lake,29.47,6.3,14.2,0.4941,100.0,0.6305,0.105
2023-07-13,2023,lake_mueggelsee,Lake Müggelsee (Berlin),Lake,29.45,5.8,14.4,0.5007,100.0,0.6464,0.1051
2023-07-14,2023,lake_mueggelsee,Lake Müggelsee (Berlin),Lake,29.75,5.2,14.7,0.4781,100.0,0.6141,0.109
2023-07-15,2023,lake_mueggelsee,Lake Müggelsee (Berlin),Lake,29.83,4.6,14.7,0.5097,100.0,0.6224,0.1109
2023-07-16,2023,lake_mueggelsee,Lake Müggelsee (Berlin),Lake,30.62,4.4,15.4,0.4704,100.0,0.6287,0.1137
2023-07-17,2023,lake_mueggelsee,Lake Müggelsee (Berlin),Lake,30.55,4.1,15.6,0.5011,100.0,0.6367,0.1086
2023-07-18,2023,lake_mueggelsee,Lake Müggelsee (Berlin),Lake,31.14,4.0,16.1,0.4883,100.0,0.6083,0.1065
2023-07-19,2023,lake_mueggelsee,Lake Müggelsee (Berlin),Lake,30.32,4.0,15.7,0.475,100.0,0.6038,0.1046
2023-07-20,2023,lake_mueggelsee,Lake Müggelsee (Berlin),Lake,29.99,4.4,14.7,0.5494,100.0,0.6187,0.1042
2023-07-21,2023,lake_mueggelsee,Lake Müggelsee (Berlin),Lake,29.59,4.8,15.0,0.4734,100.0,0.5948,0.1086
2023-07-22,2023,lake_mueggelsee,Lake Müggelsee (Berlin),Lake,28.78,5.1,14.5,0.499,100.0,0.6314,0.1045
2023-07-23,2023,lake_mueggelsee,Lake Müggelsee (Berlin),Lake,28.66,5.5,14.5,0.4669,100.0,0.6113,0.1041
2023-07-24,2023,lake_mueggelsee,Lake Müggelsee (Berlin),Lake,29.01,6.0,15.1,0.4928,100.0,0.6445,0.1024
2023-07-25,2023,lake_mueggelsee,Lake Müggelsee (Berlin),Lake,28.12,6.4,14.1,0.4706,100.0,0.6097,0.1127
2023-07-26,2023,lake_mueggelsee,Lake Müggelsee (Berlin),Lake,27.92,6.8,14.0,0.5305,100.0,0.6222,0.108
2023-07-27,2023,lake_mueggelsee,Lake Müggelsee (Berlin),Lake,27.62,6.8,13.4,0.4682,100.0,0.6353,0.1037
2023-07-28,2023,lake_mueggelsee,Lake Müggelsee (Berlin),Lake,27.46,7.0,13.5,0.4981,100.0,0.6371,0.1107
2023-07-29,2023,lake_mueggelsee,Lake Müggelsee (Berlin),Lake,26.44,7.2,12.7,0.5114,100.0,0.6269,0.1016
2023-07-30,2023,lake_mueggelsee,Lake Müggelsee (Berlin),Lake,26.9,7.3,13.7,0.4713,100.0,0.6122,0.1075
2023-07-31,2023,lake_mueggelsee,Lake Müggelsee (Berlin),Lake,26.81,7.2,12.8,0.4977,100.0,0.6247,0.1092
2023-08-01,2023,lake_mueggelsee,Lake Müggelsee (Berlin),Lake,26.56,7.4,12.5,0.484,100.0,0.6373,0.1075
2023-08-02,2023,lake_mueggelsee,Lake Müggelsee (Berlin),Lake,25.91,7.2,12.3,0.5291,100.0,0.6233,0.1112
2023-08-03,2023,lake_mueggelsee,Lake Müggelsee (Berlin),Lake,26.74,7.2,12.9,0.493,100.0,0.6188,0.1041
2023-08-04,2023,lake_mueggelsee,Lake Müggelsee (Berlin),Lake,26.64,7.5,13.3,0.5138,100.0,0.6085,0.1124
2023-08-05,2023,lake_mueggelsee,Lake Müggelsee (Berlin),Lake,26.18,7.3,12.5,0.4763,100.0,0.5968,0.1021
2023-08-06,2023,lake_mueggelsee,Lake Müggelsee (Berlin),Lake,25.52,7.3,12.2,0.4951,100.0,0.5943,0.1106
2023-08-07,2023,lake_mueggelsee,Lake Müggelsee (Berlin),Lake,25.59,7.1,12.4,0.4895,100.0,0.6237,0.1079
2023-08-08,2023,lake_mueggelsee,Lake Müggelsee (Berlin),Lake,25.15,7.2,12.0,0.4915,100.0,0.6127,0.1125
2023-08-09,2023,lake_mueggelsee,Lake Müggelsee (Berlin),Lake,25.44,6.9,12.1,0.4601,100.0,0.6346,0.1088
2023-08-10,2023,lake_mueggelsee,Lake Müggelsee (Berlin),Lake,25.27,6.8,11.9,0.5029,100.0,0.6081,0.1019
2023-08-11,2023,lake_mueggelsee,Lake Müggelsee (Berlin),Lake,25.62,7.0,12.5,0.4886,100.0,0.6458,0.1007
2023-08-12,2023,lake_mueggelsee,Lake Müggelsee (Berlin),Lake,24.96,6.8,11.4,0.4684,100.0,0.5955,0.1073
2023-08-13,2023,lake_mueggelsee,Lake Müggelsee (Berlin),Lake,25.04,6.8,11.9,0.5161,100.0,0.6169,0.1063
2023-08-14,2023,lake_mueggelsee,Lake Müggelsee (Berlin),Lake,24.96,6.8,12.1,0.4797,100.0,0.6062,0.107
2023-08-15,2023,lake_mueggelsee,Lake Müggelsee (Berlin),Lake,25.25,6.5,11.7,0.4808,100.0,0.6439,0.1075
2023-08-16,2023,lake_mueggelsee,Lake Müggelsee (Berlin),Lake,24.79,6.6,11.8,0.501,100.0,0.6203,0.113
2023-08-17,2023,lake_mueggelsee,Lake Müggelsee (Berlin),Lake,24.35,6.7,11.3,0.5095,100.0,0.6192,0.1072
2023-08-18,2023,lake_mueggelsee,Lake Müggelsee (Berlin),Lake,23.87,6.8,10.8,0.488,100.0,0.6465,0.1057
2023-08-19,2023,lake_mueggelsee,Lake Müggelsee (Berlin),Lake,24.44,6.6,11.5,0.5115,100.0,0.6223,0.107
2023-08-20,2023,lake_mueggelsee,Lake Müggelsee (Berlin),Lake,24.03,6.4,10.8,0.4965,100.0,0.6306,0.113
2023-08-21,2023,lake_mueggelsee,Lake Müggelsee (Berlin),Lake,24.7,6.5,11.9,0.514,100.0,0.6008,0.1027
2023-08-22,2023,lake_mueggelsee,Lake Müggelsee (Berlin),Lake,23.42,6.5,10.7,0.5093,100.0,0.6454,0.102
2023-08-23,2023,lake_mueggelsee,Lake Müggelsee (Berlin),Lake,23.97,6.2,10.8,0.5076,100.0,0.6066,0.1041
2023-08-24,2023,lake_mueggelsee,Lake Müggelsee (Berlin),Lake,24.48,6.3,11.7,0.4704,100.0,0.6232,0.1018
2023-08-25,2023,lake_mueggelsee,Lake Müggelsee (Berlin),Lake,23.45,6.6,11.0,0.5171,100.0,0.6037,0.1118
2023-08-26,2023,lake_mueggelsee,Lake Müggelsee (Berlin),Lake,23.35,6.4,10.9,0.5173,100.0,0.6311,0.1058
2023-08-27,2023,lake_mueggelsee,Lake Müggelsee (Berlin),Lake,23.04,6.2,10.6,0.4995,100.0,0.6311,0.1014
2023-08-28,2023,lake_mueggelsee,Lake Müggelsee (Berlin),Lake,22.86,6.5,10.6,0.5315,100.0,0.6383,0.1031
2023-08-29,2023,lake_mueggelsee,Lake Müggelsee (Berlin),Lake,22.44,6.3,10.2,0.5134,100.0,0.6268,0.1119
2023-08-30,2023,lake_mueggelsee,Lake Müggelsee (Berlin),Lake,22.8,6.3,10.7,0.541,100.0,0.6327,0.1069
2023-08-31,2023,lake_mueggelsee,Lake Müggelsee (Berlin),Lake,23.2,6.7,10.8,0.4869,100.0,0.6322,0.1058
2024-06-01,2024,lake_mueggelsee,Lake Müggelsee (Berlin),Lake,21.49,11.3,9.8,-0.0235,1.4,0.623,-0.0089
2024-06-02,2024,lake_mueggelsee,Lake Müggelsee (Berlin),Lake,22.23,11.6,10.2,-0.0259,0.9,0.6219,-0.0079
2024-06-03,2024,lake_mueggelsee,Lake Müggelsee (Berlin),Lake,22.57,11.4,10.1,-0.0466,0.0,0.6351,-0.0105
2024-06-04,2024,lake_mueggelsee,Lake Müggelsee (Berlin),Lake,22.49,12.0,9.7,0.0708,22.4,0.6081,0.0179
2024-06-05,2024,lake_mueggelsee,Lake Müggelsee (Berlin),Lake,22.49,11.7,10.2,0.1688,44.2,0.6328,0.0381
2024-06-06,2024,lake_mueggelsee,Lake Müggelsee (Berlin),Lake,21.95,11.4,9.7,0.0555,19.0,0.6148,0.0144
2024-06-07,2024,lake_mueggelsee,Lake Müggelsee (Berlin),Lake,22.99,11.8,10.5,0.1819,47.1,0.6108,0.0431
2024-06-08,2024,lake_mueggelsee,Lake Müggelsee (Berlin),Lake,22.98,11.3,10.5,0.2942,72.0,0.6114,0.0705
2024-06-09,2024,lake_mueggelsee,Lake Müggelsee (Berlin),Lake,23.33,11.3,10.7,0.3843,92.0,0.6349,0.0929
2024-06-10,2024,lake_mueggelsee,Lake Müggelsee (Berlin),Lake,23.52,11.2,11.1,0.4749,100.0,0.6371,0.105
2024-06-11,2024,lake_mueggelsee,Lake Müggelsee (Berlin),Lake,23.27,10.9,10.6,0.5178,100.0,0.6216,0.106
2024-06-12,2024,lake_mueggelsee,Lake Müggelsee (Berlin),Lake,23.13,11.2,10.5,0.5119,100.0,0.6011,0.108
2024-06-13,2024,lake_mueggelsee,Lake Müggelsee (Berlin),Lake,23.41,11.7,10.9,0.4955,100.0,0.6211,0.0999
2024-06-14,2024,lake_mueggelsee,Lake Müggelsee (Berlin),Lake,23.13,11.6,10.6,0.4922,100.0,0.6226,0.1043
2024-06-15,2024,lake_mueggelsee,Lake Müggelsee (Berlin),Lake,24.06,11.5,11.3,0.5049,100.0,0.6152,0.1076
2024-06-16,2024,lake_mueggelsee,Lake Müggelsee (Berlin),Lake,24.37,11.0,11.6,0.5109,100.0,0.6229,0.101
2024-06-17,2024,lake_mueggelsee,Lake Müggelsee (Berlin),Lake,23.83,11.3,10.9,0.4906,100.0,0.6281,0.1057
2024-06-18,2024,lake_mueggelsee,Lake Müggelsee (Berlin),Lake,24.05,10.9,10.6,0.5127,100.0,0.6207,0.1012
2024-06-19,2024,lake_mueggelsee,Lake Müggelsee (Berlin),Lake,24.86,11.3,12.0,0.4824,100.0,0.5942,0.1092
2024-06-20,2024,lake_mueggelsee,Lake Müggelsee (Berlin),Lake,24.5,11.3,11.0,0.5047,100.0,0.6302,0.1041
2024-06-21,2024,lake_mueggelsee,Lake Müggelsee (Berlin),Lake,24.64,11.3,11.3,0.5228,100.0,0.6347,0.1059
2024-06-22,2024,lake_mueggelsee,Lake Müggelsee (Berlin),Lake,24.29,10.7,11.4,0.5097,100.0,0.6015,0.1053
2024-06-23,2024,lake_mueggelsee,Lake Müggelsee (Berlin),Lake,25.02,11.1,11.7,0.4779,100.0,0.6293,0.1115
2024-06-24,2024,lake_mueggelsee,Lake Müggelsee (Berlin),Lake,25.0,11.6,12.1,0.4933,100.0,0.6118,0.1127
2024-06-25,2024,lake_mueggelsee,Lake Müggelsee (Berlin),Lake,24.89,10.8,11.7,0.5075,100.0,0.6293,0.1122
2024-06-26,2024,lake_mueggelsee,Lake Müggelsee (Berlin),Lake,24.99,10.9,11.6,0.4874,100.0,0.6182,0.1111
2024-06-27,2024,lake_mueggelsee,Lake Müggelsee (Berlin),Lake,24.94,10.3,11.7,0.514,100.0,0.6219,0.1024
2024-06-28,2024,lake_mueggelsee,Lake Müggelsee (Berlin),Lake,25.46,11.2,12.2,0.4904,100.0,0.6258,0.1068
2024-06-29,2024,lake_mueggelsee,Lake Müggelsee (Berlin),Lake,26.01,10.4,12.8,0.4811,100.0,0.6075,0.105
2024-06-30,2024,lake_mueggelsee,Lake Müggelsee (Berlin),Lake,25.21,10.4,11.7,0.4847,100.0,0.6269,0.1144
2024-07-01,2024,lake_mueggelsee,Lake Müggelsee (Berlin),Lake,25.82,10.8,12.5,0.4837,100.0,0.6192,0.1027
2024-07-02,2024,lake_mueggelsee,Lake Müggelsee (Berlin),Lake,25.86,10.3,12.9,0.4841,100.0,0.6131,0.1074
2024-07-03,2024,lake_mueggelsee,Lake Müggelsee (Berlin),Lake,25.55,10.5,12.0,0.5183,100.0,0.6197,0.1081
2024-07-04,2024,lake_mueggelsee,Lake Müggelsee (Berlin),Lake,25.76,10.7,12.4,0.4857,100.0,0.6294,0.097
2024-07-05,2024,lake_mueggelsee,Lake Müggelsee (Berlin),Lake,25.4,10.2,12.3,0.4977,100.0,0.619,0.1073
2024-07-06,2024,lake_mueggelsee,Lake Müggelsee (Berlin),Lake,25.78,10.5,12.3,0.492,100.0,0.6334,0.1031
2024-07-07,2024,lake_mueggelsee,Lake Müggelsee (Berlin),Lake,25.74,10.2,12.6,0.4851,100.0,0.6206,0.1124
2024-07-08,2024,lake_mueggelsee,Lake Müggelsee (Berlin),Lake,26.29,10.3,12.5,0.4956,100.0,0.6115,0.109
2024-07-09,2024,lake_mueggelsee,Lake Müggelsee (Berlin),Lake,25.86,9.9,12.4,0.5034,100.0,0.5976,0.1063
2024-07-10,2024,lake_mueggelsee,Lake Müggelsee (Berlin),Lake,26.01,10.0,12.7,0.5085,100.0,0.5997,0.1072
2024-07-11,2024,lake_mueggelsee,Lake Müggelsee (Berlin),Lake,26.07,10.1,12.4,0.4923,100.0,0.6039,0.1004
2024-07-12,2024,lake_mueggelsee,Lake Müggelsee (Berlin),Lake,26.24,9.3,12.9,0.4741,100.0,0.6385,0.104
2024-07-13,2024,lake_mueggelsee,Lake Müggelsee (Berlin),Lake,25.9,9.2,12.3,0.4922,100.0,0.6,0.1067
2024-07-14,2024,lake_mueggelsee,Lake Müggelsee (Berlin),Lake,26.32,9.0,12.9,0.5056,100.0,0.6077,0.0994
2024-07-15,2024,lake_mueggelsee,Lake Müggelsee (Berlin),Lake,27.21,8.6,12.9,0.4907,100.0,0.5877,0.1029
2024-07-16,2024,lake_mueggelsee,Lake Müggelsee (Berlin),Lake,27.5,8.0,13.4,0.487,100.0,0.6241,0.1054
2024-07-17,2024,lake_mueggelsee,Lake Müggelsee (Berlin),Lake,27.44,7.5,13.7,0.4831,100.0,0.6069,0.1129
2024-07-18,2024,lake_mueggelsee,Lake Müggelsee (Berlin),Lake,27.91,6.9,14.5,0.5134,100.0,0.619,0.1106
2024-07-19,2024,lake_mueggelsee,Lake Müggelsee (Berlin),Lake,27.97,6.4,13.6,0.5016,100.0,0.6109,0.109
2024-07-20,2024,lake_mueggelsee,Lake Müggelsee (Berlin),Lake,28.38,5.7,14.2,0.5119,100.0,0.6164,0.1098
2024-07-21,2024,lake_mueggelsee,Lake Müggelsee (Berlin),Lake,28.12,5.1,14.2,0.5135,100.0,0.6105,0.0991
2024-07-22,2024,lake_mueggelsee,Lake Müggelsee (Berlin),Lake,28.72,4.7,14.5,0.4907,100.0,0.6083,0.1095
2024-07-23,2024,lake_mueggelsee,Lake Müggelsee (Berlin),Lake,28.81,4.3,14.4,0.5086,100.0,0.6129,0.1085
2024-07-24,2024,lake_mueggelsee,Lake Müggelsee (Berlin),Lake,28.93,3.9,14.6,0.5101,100.0,0.6609,0.1098
2024-07-25,2024,lake_mueggelsee,Lake Müggelsee (Berlin),Lake,28.21,4.0,13.9,0.4817,100.0,0.6207,0.1065
2024-07-26,2024,lake_mueggelsee,Lake Müggelsee (Berlin),Lake,28.46,4.3,14.7,0.5022,100.0,0.6058,0.1033
2024-07-27,2024,lake_mueggelsee,Lake Müggelsee (Berlin),Lake,28.44,4.4,14.5,0.5046,100.0,0.6179,0.1046
2024-07-28,2024,lake_mueggelsee,Lake Müggelsee (Berlin),Lake,28.22,4.9,13.6,0.4787,100.0,0.629,0.1051
2024-07-29,2024,lake_mueggelsee,Lake Müggelsee (Berlin),Lake,27.3,5.2,13.3,0.4995,100.0,0.6232,0.1058
2024-07-30,2024,lake_mueggelsee,Lake Müggelsee (Berlin),Lake,27.59,5.8,13.9,0.4975,100.0,0.6209,0.1069
2024-07-31,2024,lake_mueggelsee,Lake Müggelsee (Berlin),Lake,26.94,6.1,13.1,0.5084,100.0,0.6022,0.102
2024-08-01,2024,lake_mueggelsee,Lake Müggelsee (Berlin),Lake,26.7,6.9,13.0,0.4726,100.0,0.6193,0.1067
2024-08-02,2024,lake_mueggelsee,Lake Müggelsee (Berlin),Lake,25.75,7.0,12.1,0.4798,100.0,0.6144,0.1048
2024-08-03,2024,lake_mueggelsee,Lake Müggelsee (Berlin),Lake,25.58,7.1,12.0,0.4934,100.0,0.6189,0.1048
2024-08-04,2024,lake_mueggelsee,Lake Müggelsee (Berlin),Lake,25.99,7.5,12.4,0.4954,100.0,0.6393,0.1009
2024-08-05,2024,lake_mueggelsee,Lake Müggelsee (Berlin),Lake,25.28,7.9,12.4,0.4652,100.0,0.6558,0.1003
2024-08-06,2024,lake_mueggelsee,Lake Müggelsee (Berlin),Lake,25.47,7.5,12.5,0.505,100.0,0.6206,0.1134
2024-08-07,2024,lake_mueggelsee,Lake Müggelsee (Berlin),Lake,25.16,7.6,11.8,0.4833,100.0,0.6196,0.1082
2024-08-08,2024,lake_mueggelsee,Lake Müggelsee (Berlin),Lake,24.7,7.8,11.8,0.5065,100.0,0.5927,0.0993
2024-08-09,2024,lake_mueggelsee,Lake Müggelsee (Berlin),Lake,24.71,7.9,11.7,0.4767,100.0,0.6026,0.1074
2024-08-10,2024,lake_mueggelsee,Lake Müggelsee (Berlin),Lake,25.09,7.7,12.0,0.4893,100.0,0.6046,0.1051
2024-08-11,2024,lake_mueggelsee,Lake Müggelsee (Berlin),Lake,24.48,7.8,11.3,0.5052,100.0,0.588,0.1051
2024-08-12,2024,lake_mueggelsee,Lake Müggelsee (Berlin),Lake,24.18,7.5,11.2,0.4852,100.0,0.6186,0.11
2024-08-13,2024,lake_mueggelsee,Lake Müggelsee (Berlin),Lake,24.37,8.0,11.3,0.5009,100.0,0.6378,0.1112
2024-08-14,2024,lake_mueggelsee,Lake Müggelsee (Berlin),Lake,24.5,7.8,11.7,0.4751,100.0,0.6398,0.1029
2024-08-15,2024,lake_mueggelsee,Lake Müggelsee (Berlin),Lake,23.67,7.6,10.7,0.5025,100.0,0.608,0.1056
2024-08-16,2024,lake_mueggelsee,Lake Müggelsee (Berlin),Lake,24.0,7.5,11.2,0.4795,100.0,0.6153,0.1044
2024-08-17,2024,lake_mueggelsee,Lake Müggelsee (Berlin),Lake,23.76,7.6,11.1,0.478,100.0,0.6257,0.1075
2024-08-18,2024,lake_mueggelsee,Lake Müggelsee (Berlin),Lake,23.39,7.7,10.7,0.4955,100.0,0.6125,0.1071
2024-08-19,2024,lake_mueggelsee,Lake Müggelsee (Berlin),Lake,23.33,7.5,10.8,0.4959,100.0,0.6363,0.104
2024-08-20,2024,lake_mueggelsee,Lake Müggelsee (Berlin),Lake,23.01,7.3,10.2,0.4946,100.0,0.6109,0.1083
2024-08-21,2024,lake_mueggelsee,Lake Müggelsee (Berlin),Lake,24.0,7.6,11.3,0.5115,100.0,0.6139,0.1057
2024-08-22,2024,lake_mueggelsee,Lake Müggelsee (Berlin),Lake,22.97,7.4,10.4,0.496,100.0,0.6205,0.1096
2024-08-23,2024,lake_mueggelsee,Lake Müggelsee (Berlin),Lake,23.26,7.5,10.8,0.4956,100.0,0.6044,0.1
2024-08-24,2024,lake_mueggelsee,Lake Müggelsee (Berlin),Lake,22.66,7.8,10.3,0.4971,100.0,0.6399,0.1055
2024-08-25,2024,lake_mueggelsee,Lake Müggelsee (Berlin),Lake,22.96,7.5,10.7,0.4803,100.0,0.6232,0.1116
2024-08-26,2024,lake_mueggelsee,Lake Müggelsee (Berlin),Lake,23.29,7.4,10.5,0.5098,100.0,0.6132,0.1071
2024-08-27,2024,lake_mueggelsee,Lake Müggelsee (Berlin),Lake,22.51,7.6,10.4,0.488,100.0,0.6231,0.1025
2024-08-28,2024,lake_mueggelsee,Lake Müggelsee (Berlin),Lake,21.92,7.8,10.0,0.5076,100.0,0.6419,0.103
2024-08-29,2024,lake_mueggelsee,Lake Müggelsee (Berlin),Lake,22.42,7.2,10.6,0.4976,100.0,0.6239,0.1037
2024-08-30,2024,lake_mueggelsee,Lake Müggelsee (Berlin),Lake,22.3,7.4,10.1,0.5011,100.0,0.6216,0.1039
2024-08-31,2024,lake_mueggelsee,Lake Müggelsee (Berlin),Lake,22.18,7.5,10.1,0.5009,100.0,0.6237,0.104
2025-06-01,2025,lake_mueggelsee,Lake Müggelsee (Berlin),Lake,23.28,11.4,10.8,-0.0352,0.0,0.621,-0.0083
2025-06-02,2025,lake_mueggelsee,Lake Müggelsee (Berlin),Lake,23.09,11.7,10.7,-0.029,0.2,0.6078,-0.0056
2025-06-03,2025,lake_mueggelsee,Lake Müggelsee (Berlin),Lake,23.23,11.5,10.9,0.1059,30.2,0.6192,0.0302
2025-06-04,2025,lake_mueggelsee,Lake Müggelsee (Berlin),Lake,23.28,11.6,10.7,0.2204,55.6,0.5949,0.0444
2025-06-05,2025,lake_mueggelsee,Lake Müggelsee (Berlin),Lake,24.13,11.5,11.2,0.3575,86.1,0.6028,0.0775
2025-06-06,2025,lake_mueggelsee,Lake Müggelsee (Berlin),Lake,23.87,11.8,10.7,0.4078,97.3,0.6267,0.0833
2025-06-07,2025,lake_mueggelsee,Lake Müggelsee (Berlin),Lake,23.9,11.3,11.5,0.5131,100.0,0.6069,0.1143
2025-06-08,2025,lake_mueggelsee,Lake Müggelsee (Berlin),Lake,24.05,11.7,11.5,0.4646,100.0,0.6138,0.1052
2025-06-09,2025,lake_mueggelsee,Lake Müggelsee (Berlin),Lake,23.92,11.2,11.3,0.5019,100.0,0.6367,0.1121
2025-06-10,2025,lake_mueggelsee,Lake Müggelsee (Berlin),Lake,24.28,11.1,11.2,0.4957,100.0,0.6228,0.1161
2025-06-11,2025,lake_mueggelsee,Lake Müggelsee (Berlin),Lake,23.97,11.0,11.1,0.5001,100.0,0.6076,0.1075
2025-06-12,2025,lake_mueggelsee,Lake Müggelsee (Berlin),Lake,24.36,11.4,11.9,0.5235,100.0,0.6199,0.1045
2025-06-13,2025,lake_mueggelsee,Lake Müggelsee (Berlin),Lake,24.93,11.1,11.7,0.5016,100.0,0.6409,0.1037
2025-06-14,2025,lake_mueggelsee,Lake Müggelsee (Berlin),Lake,24.59,11.2,11.6,0.4864,100.0,0.616,0.1093
2025-06-15,2025,lake_mueggelsee,Lake Müggelsee (Berlin),Lake,24.61,11.4,12.0,0.4814,100.0,0.6342,0.1065
2025-06-16,2025,lake_mueggelsee,Lake Müggelsee (Berlin),Lake,25.05,10.9,11.8,0.5253,100.0,0.6146,0.1122
2025-06-17,2025,lake_mueggelsee,Lake Müggelsee (Berlin),Lake,24.92,10.6,12.0,0.4693,100.0,0.6321,0.1065
2025-06-18,2025,lake_mueggelsee,Lake Müggelsee (Berlin),Lake,25.43,11.0,12.3,0.5017,100.0,0.6057,0.1079
2025-06-19,2025,lake_mueggelsee,Lake Müggelsee (Berlin),Lake,25.91,10.8,12.3,0.5097,100.0,0.6357,0.1115
2025-06-20,2025,lake_mueggelsee,Lake Müggelsee (Berlin),Lake,25.8,10.6,12.7,0.5085,100.0,0.6144,0.1046
2025-06-21,2025,lake_mueggelsee,Lake Müggelsee (Berlin),Lake,25.43,10.7,12.0,0.5113,100.0,0.6157,0.1047
2025-06-22,2025,lake_mueggelsee,Lake Müggelsee (Berlin),Lake,25.75,10.5,12.2,0.4802,100.0,0.6196,0.1043
2025-06-23,2025,lake_mueggelsee,Lake Müggelsee (Berlin),Lake,25.8,11.0,12.3,0.4668,100.0,0.6544,0.108
2025-06-24,2025,lake_mueggelsee,Lake Müggelsee (Berlin),Lake,26.51,10.5,13.2,0.4704,100.0,0.6054,0.1049
2025-06-25,2025,lake_mueggelsee,Lake Müggelsee (Berlin),Lake,26.65,10.4,12.8,0.5314,100.0,0.6099,0.1058
2025-06-26,2025,lake_mueggelsee,Lake Müggelsee (Berlin),Lake,25.67,10.5,12.5,0.456,100.0,0.6362,0.1067
2025-06-27,2025,lake_mueggelsee,Lake Müggelsee (Berlin),Lake,26.15,10.6,12.5,0.5024,100.0,0.6345,0.1099
2025-06-28,2025,lake_mueggelsee,Lake Müggelsee (Berlin),Lake,26.55,10.5,13.3,0.5288,100.0,0.6185,0.1017
2025-06-29,2025,lake_mueggelsee,Lake Müggelsee (Berlin),Lake,26.7,10.1,13.3,0.4869,100.0,0.6332,0.0986
2025-06-30,2025,lake_mueggelsee,Lake Müggelsee (Berlin),Lake,26.78,10.0,13.3,0.4813,100.0,0.6198,0.1025
2025-07-01,2025,lake_mueggelsee,Lake Müggelsee (Berlin),Lake,26.6,10.2,13.0,0.5027,100.0,0.6192,0.1113
2025-07-02,2025,lake_mueggelsee,Lake Müggelsee (Berlin),Lake,26.69,10.0,13.2,0.5028,100.0,0.6185,0.1062
2025-07-03,2025,lake_mueggelsee,Lake Müggelsee (Berlin),Lake,26.96,9.7,13.3,0.471,100.0,0.618,0.1004
2025-07-04,2025,lake_mueggelsee,Lake Müggelsee (Berlin),Lake,26.65,9.7,12.9,0.4925,100.0,0.6164,0.1128
2025-07-05,2025,lake_mueggelsee,Lake Müggelsee (Berlin),Lake,26.98,9.6,12.9,0.4702,100.0,0.6403,0.1073
2025-07-06,2025,lake_mueggelsee,Lake Müggelsee (Berlin),Lake,27.43,9.7,13.7,0.4801,100.0,0.6117,0.1014
2025-07-07,2025,lake_mueggelsee,Lake Müggelsee (Berlin),Lake,27.67,9.6,13.7,0.4899,100.0,0.6004,0.1119
2025-07-08,2025,lake_mueggelsee,Lake Müggelsee (Berlin),Lake,26.84,9.9,13.4,0.4745,100.0,0.6198,0.1042
2025-07-09,2025,lake_mueggelsee,Lake Müggelsee (Berlin),Lake,26.91,9.3,13.5,0.5088,100.0,0.6143,0.1044
2025-07-10,2025,lake_mueggelsee,Lake Müggelsee (Berlin),Lake,27.37,9.3,13.6,0.4843,100.0,0.6205,0.1063
2025-07-11,2025,lake_mueggelsee,Lake Müggelsee (Berlin),Lake,27.2,9.2,13.3,0.4911,100.0,0.6149,0.1055
2025-07-12,2025,lake_mueggelsee,Lake Müggelsee (Berlin),Lake,26.82,9.0,13.2,0.4815,100.0,0.6232,0.1072
2025-07-13,2025,lake_mueggelsee,Lake Müggelsee (Berlin),Lake,27.46,8.8,13.4,0.4912,100.0,0.6262,0.1008
2025-07-14,2025,lake_mueggelsee,Lake Müggelsee (Berlin),Lake,27.72,8.6,13.6,0.5041,100.0,0.6155,0.1035
2025-07-15,2025,lake_mueggelsee,Lake Müggelsee (Berlin),Lake,28.26,8.2,14.4,0.4984,100.0,0.6077,0.1018
2025-07-16,2025,lake_mueggelsee,Lake Müggelsee (Berlin),Lake,28.08,7.7,13.6,0.4839,100.0,0.6332,0.1067
2025-07-17,2025,lake_mueggelsee,Lake Müggelsee (Berlin),Lake,28.7,7.2,14.2,0.49,100.0,0.6231,0.1082
2025-07-18,2025,lake_mueggelsee,Lake Müggelsee (Berlin),Lake,29.04,6.3,14.8,0.4715,100.0,0.6321,0.1045
2025-07-19,2025,lake_mueggelsee,Lake Müggelsee (Berlin),Lake,29.58,5.9,15.1,0.4977,100.0,0.6516,0.1051
2025-07-20,2025,lake_mueggelsee,Lake Müggelsee (Berlin),Lake,30.06,5.4,15.7,0.5243,100.0,0.6302,0.1046
2025-07-21,2025,lake_mueggelsee,Lake Müggelsee (Berlin),Lake,29.99,4.7,15.6,0.5003,100.0,0.6344,0.1139
2025-07-22,2025,lake_mueggelsee,Lake Müggelsee (Berlin),Lake,30.42,4.1,15.6,0.5023,100.0,0.6298,0.1066
2025-07-23,2025,lake_mueggelsee,Lake Müggelsee (Berlin),Lake,31.32,4.1,15.8,0.5025,100.0,0.6189,0.1078
2025-07-24,2025,lake_mueggelsee,Lake Müggelsee (Berlin),Lake,30.58,4.1,16.1,0.5047,100.0,0.6526,0.1063
2025-07-25,2025,lake_mueggelsee,Lake Müggelsee (Berlin),Lake,31.69,4.0,16.8,0.4644,100.0,0.6418,0.1028
2025-07-26,2025,lake_mueggelsee,Lake Müggelsee (Berlin),Lake,30.58,4.0,15.5,0.5263,100.0,0.6059,0.1083
2025-07-27,2025,lake_mueggelsee,Lake Müggelsee (Berlin),Lake,30.81,4.1,15.6,0.4842,100.0,0.6378,0.1068
2025-07-28,2025,lake_mueggelsee,Lake Müggelsee (Berlin),Lake,30.53,4.0,15.5,0.5009,100.0,0.6061,0.106
2025-07-29,2025,lake_mueggelsee,Lake Müggelsee (Berlin),Lake,30.33,4.1,15.6,0.4787,100.0,0.6159,0.1101
2025-07-30,2025,lake_mueggelsee,Lake Müggelsee (Berlin),Lake,29.17,4.0,14.6,0.5064,100.0,0.6393,0.1049
2025-07-31,2025,lake_mueggelsee,Lake Müggelsee (Berlin),Lake,29.05,4.5,14.5,0.4928,100.0,0.6268,0.1114
2025-08-01,2025,lake_mueggelsee,Lake Müggelsee (Berlin),Lake,29.16,4.9,14.6,0.5164,100.0,0.6275,0.1117
2025-08-02,2025,lake_mueggelsee,Lake Müggelsee (Berlin),Lake,27.98,5.3,13.6,0.4745,100.0,0.6072,0.1127
2025-08-03,2025,lake_mueggelsee,Lake Müggelsee (Berlin),Lake,27.31,5.3,13.5,0.5036,100.0,0.5973,0.1083
2025-08-04,2025,lake_mueggelsee,Lake Müggelsee (Berlin),Lake,27.09,5.9,13.5,0.4777,100.0,0.6271,0.1042
2025-08-05,2025,lake_mueggelsee,Lake Müggelsee (Berlin),Lake,26.34,5.9,12.9,0.5156,100.0,0.6258,0.1026
2025-08-06,2025,lake_mueggelsee,Lake Müggelsee (Berlin),Lake,26.72,6.2,12.6,0.5184,100.0,0.6197,0.1077
2025-08-07,2025,lake_mueggelsee,Lake Müggelsee (Berlin),Lake,26.72,6.3,12.9,0.4881,100.0,0.6249,0.1106
2025-08-08,2025,lake_mueggelsee,Lake Müggelsee (Berlin),Lake,26.27,6.7,13.1,0.5037,100.0,0.6206,0.1063
2025-08-09,2025,lake_mueggelsee,Lake Müggelsee (Berlin),Lake,26.18,6.4,12.5,0.4853,100.0,0.6157,0.1065
2025-08-10,2025,lake_mueggelsee,Lake Müggelsee (Berlin),Lake,25.69,6.5,12.6,0.4816,100.0,0.605,0.0999
2025-08-11,2025,lake_mueggelsee,Lake Müggelsee (Berlin),Lake,26.02,6.4,12.5,0.488,100.0,0.6143,0.1072
2025-08-12,2025,lake_mueggelsee,Lake Müggelsee (Berlin),Lake,25.47,6.2,11.6,0.4914,100.0,0.6068,0.1082
2025-08-13,2025,lake_mueggelsee,Lake Müggelsee (Berlin),Lake,25.69,6.5,12.2,0.5021,100.0,0.6179,0.1024
2025-08-14,2025,lake_mueggelsee,Lake Müggelsee (Berlin),Lake,25.6,6.0,12.3,0.4987,100.0,0.6136,0.1012
2025-08-15,2025,lake_mueggelsee,Lake Müggelsee (Berlin),Lake,25.26,6.2,12.0,0.4885,100.0,0.6312,0.1068
2025-08-16,2025,lake_mueggelsee,Lake Müggelsee (Berlin),Lake,25.9,6.3,12.4,0.4956,100.0,0.6321,0.1103
2025-08-17,2025,lake_mueggelsee,Lake Müggelsee (Berlin),Lake,25.37,6.1,12.1,0.4913,100.0,0.6427,0.1127
2025-08-18,2025,lake_mueggelsee,Lake Müggelsee (Berlin),Lake,25.25,6.1,12.2,0.5028,100.0,0.6258,0.1047
2025-08-19,2025,lake_mueggelsee,Lake Müggelsee (Berlin),Lake,25.32,5.9,12.1,0.4838,100.0,0.6199,0.1024
2025-08-20,2025,lake_mueggelsee,Lake Müggelsee (Berlin),Lake,25.32,5.8,12.2,0.4916,100.0,0.6234,0.1073
2025-08-21,2025,lake_mueggelsee,Lake Müggelsee (Berlin),Lake,24.36,6.0,11.6,0.4896,100.0,0.6211,0.1065
2025-08-22,2025,lake_mueggelsee,Lake Müggelsee (Berlin),Lake,24.76,5.9,11.5,0.4962,100.0,0.6211,0.1028
2025-08-23,2025,lake_mueggelsee,Lake Müggelsee (Berlin),Lake,24.64,6.1,11.8,0.5036,100.0,0.6308,0.1018
2025-08-24,2025,lake_mueggelsee,Lake Müggelsee (Berlin),Lake,24.71,5.7,11.5,0.4878,100.0,0.6081,0.1087
2025-08-25,2025,lake_mueggelsee,Lake Müggelsee (Berlin),Lake,24.1,5.7,11.3,0.4887,100.0,0.638,0.1093
2025-08-26,2025,lake_mueggelsee,Lake Müggelsee (Berlin),Lake,23.96,5.8,11.3,0.4678,100.0,0.6107,0.1063
2025-08-27,2025,lake_mueggelsee,Lake Müggelsee (Berlin),Lake,24.18,5.7,11.2,0.5038,100.0,0.5974,0.108
2025-08-28,2025,lake_mueggelsee,Lake Müggelsee (Berlin),Lake,23.63,5.8,11.3,0.4944,100.0,0.6005,0.1086
2025-08-29,2025,lake_mueggelsee,Lake Müggelsee (Berlin),Lake,23.5,5.9,10.5,0.5112,100.0,0.6377,0.1066
2025-08-30,2025,lake_mueggelsee,Lake Müggelsee (Berlin),Lake,23.02,5.6,10.5,0.4942,100.0,0.6021,0.1108
2025-08-31,2025,lake_mueggelsee,Lake Müggelsee (Berlin),Lake,22.85,5.5,9.8,0.4945,100.0,0.6364,0.1093
